manager_id,period_id,most_likely_state,posterior_state_1,posterior_state_2,posterior_state_3
M0001,2,2,0.00011493774681727676,0.9876587368363317,0.012226325416849931
M0001,3,2,0.09554295505120623,0.904429413040577,2.7631908216593637e-05
M0001,4,1,0.9999998403946421,1.596036815268963e-07,1.6767923002381548e-12
M0001,5,3,9.451525189110005e-07,0.3950031969017895,0.6049958579456901
M0001,6,2,0.00041739503597334056,0.9578462038280818,0.04173640113594469
M0001,7,1,1.0,1.2481432940263163e-19,2.2450805823851348e-22
M0001,8,2,0.04230577660455127,0.9496767019651354,0.008017521430312684
M0001,9,2,4.790424415148817e-06,0.9777175202325701,0.02227768934301313
M0001,10,2,0.012452126868980236,0.9871639075294402,0.0003839656015796433
M0001,11,3,8.513073931371695e-11,1.4392977022724086e-05,0.9999856069378463
M0001,12,1,0.9999999902418288,9.757817058752728e-09,3.5307780633288133e-13
M0001,13,2,0.006304533432085763,0.9903466422204766,0.003348824347436992
M0001,14,3,1.0317644978676528e-15,5.559939703084031e-14,0.9999999999999432
M0001,15,3,2.046432202064671e-12,1.5988169750303443e-07,0.999999840116255
M0001,16,2,0.0002357176496418363,0.972030064957129,0.027734217393228927
M0001,17,3,1.0641031270322395e-06,0.07564670867482097,0.9243522272220519
M0001,18,3,6.573489804889261e-17,3.6402721408419646e-12,0.9999999999963585
M0001,19,3,2.0457187799113178e-10,9.47501154598887e-05,0.999905249679969
M0001,20,2,2.1102462417546558e-05,0.8891175069286643,0.11086139060891692
M0001,21,2,0.0001432617166312581,0.9991313071233416,0.00072543116002805
M0001,22,3,3.841009927663106e-11,0.0003967157006599329,0.9996032842609286
M0001,23,2,0.005502046567969822,0.9943200071888372,0.00017794624319465653
M0001,24,3,7.266675897900485e-23,3.618649015254112e-23,1.0
M0001,25,2,0.00017100137744616018,0.9752444848441055,0.024584513778447527
M0001,26,3,6.115234666425201e-21,1.7779609213006993e-19,1.0
M0002,2,2,3.7305845371221233e-07,0.8836239719595955,0.11637565498194996
M0002,3,2,0.014341108984911538,0.9856560656773998,2.82533768795617e-06
M0002,4,2,9.642775667258302e-05,0.9970951951732134,0.0028083770701132806
M0002,5,1,0.9999999850084295,1.498947400692273e-08,2.097346125931949e-12
M0002,6,1,0.9998323108915168,0.00016768719977516608,1.90870761606658e-09
M0002,7,3,0.0001044674639421191,0.20897461475109055,0.7909209177849669
M0002,8,1,0.9999999999999893,1.0268547167721141e-14,1.4924184755404146e-19
M0002,9,1,0.9821033199494243,0.01789619216496309,4.87885612704757e-07
M0002,10,3,1.9925902861602048e-06,0.11590473614779953,0.8840932712619141
M0002,11,1,0.9999995903178012,4.096704747086476e-07,1.172392446941151e-11
M0002,12,1,0.998888794440548,0.0011111749840131831,3.057543908757655e-08
M0002,13,3,1.8622484286341387e-07,0.002268185602157428,0.9977316281729998
M0002,14,3,1.3106761672553096e-08,0.005508575559924822,0.9944914113333134
M0002,15,3,1.1090855406037874e-17,1.3080521664393804e-14,0.9999999999999876
M0002,16,1,0.9999997105627535,2.894371396439291e-07,1.0665708062745863e-13
M0002,17,1,0.9248975945841337,0.07510230434016056,1.010757064299876e-07
M0002,18,3,5.940627079384183e-07,0.005467623860917576,0.9945317820763753
M0002,19,3,1.2080478400440236e-07,0.00024980400668955853,0.9997500751885258
M0002,20,1,1.0,1.3805195184999036e-21,1.0933424971801935e-20
M0002,21,2,0.008850872099387983,0.9909140515923127,0.00023507630829892287
M0002,22,3,8.078332835715542e-18,2.5345348988861134e-13,0.999999999999746
M0002,23,2,0.10625977134329957,0.893716191976817,2.403667988365402e-05
M0002,24,3,4.1757171293684093e-16,3.153025775757309e-11,0.9999999999684697
M0002,25,2,0.06253006370622875,0.9374692950776511,6.412161207376885e-07
M0002,26,3,5.436862284188757e-17,3.1147185243527258e-18,1.0
M0003,2,3,1.8467990009144498e-06,0.29395005297526955,0.7060481002257311
M0003,3,2,0.2676704479588234,0.7323270102474103,2.5417937661536954e-06
M0003,4,3,4.925093759717694e-16,9.499818208409006e-11,0.9999999999050004
M0003,5,3,1.3723648813014476e-13,7.031761704394932e-08,0.9999999296822455
M0003,6,3,4.733404648057593e-09,0.0008119998063341627,0.9991879954602619
M0003,7,1,0.9999999999894733,1.0525283988583599e-11,1.8689887210450956e-16
M0003,8,3,3.1959918006847504e-08,0.010387362080955588,0.9896126059591266
M0003,9,3,1.194204528534407e-09,0.00047007484400916346,0.9995299239617867
M0003,10,2,0.00464446000261106,0.9953544436803178,1.0963170703598961e-06
M0003,11,3,7.364842009655424e-10,0.0004136768120950607,0.9995863224514205
M0003,12,2,0.0021592211531777927,0.9621923107323058,0.03564846811451489
M0003,13,3,1.3641448806936501e-09,1.037957679678801e-05,0.9999896190590595
M0003,14,2,0.011326638071738514,0.9436800859652237,0.04499327596303823
M0003,15,1,0.9999998653327486,1.3466241582396992e-07,4.835740662346717e-12
M0003,16,2,0.4917464189969005,0.5082145225139068,3.9058489193755604e-05
M0003,17,1,0.996118508811749,0.003881475622532801,1.5565719109608444e-08
M0003,18,2,0.17753618683489453,0.8223228086304671,0.00014100453463980188
M0003,19,3,1.0191025689321113e-09,0.00042963062091307493,0.9995703683599846
M0003,20,3,2.890957176305466e-06,0.18101456378928438,0.8189825452535403
M0003,21,2,0.0033453205686027293,0.9799263190596754,0.016728360371723542
M0003,22,3,9.529233504904686e-11,3.5469371497751576e-05,0.999964530533211
M0003,23,3,3.7863472672768205e-08,0.028677723592780594,0.9713222385437482
M0003,24,1,0.9998733774954689,0.0001266148245106891,7.680022168612316e-09
M0003,25,2,0.0002799552616922107,0.8925995283829771,0.10712051635533221
M0003,26,3,1.1632292295264394e-06,0.2746411838466614,0.7253576529241106
M0004,2,3,1.5048543424834203e-08,1.863140668315828e-07,0.9999997986373889
M0004,3,1,0.9973385988967031,0.0026599816886948456,1.4194146024037043e-06
M0004,4,3,6.78298772051309e-05,0.24247254362784942,0.757459626494944
M0004,5,2,0.02284406804057926,0.9771042543150962,5.167764432510759e-05
M0004,6,2,0.0017184419148207164,0.9959792562759053,0.002302301809272583
M0004,7,2,0.12129015938738011,0.8786517367487626,5.810386385604315e-05
M0004,8,2,0.20059505223667434,0.7992896560152524,0.00011529174807356375
M0004,9,2,0.4664115547922789,0.5335818291340567,6.6160736658944885e-06
M0004,10,1,0.999707701106387,0.0002922471539876201,5.173962561395171e-08
M0004,11,1,0.9999999999105462,8.895186416972008e-11,5.033200757237123e-13
M0004,12,1,0.9991386906428142,0.0008612190189014482,9.033828563099048e-08
M0004,13,3,2.1840457767569493e-21,2.914285037822318e-20,1.0
M0004,14,2,6.491957808779749e-05,0.9991311325481136,0.0008039478737988389
M0004,15,2,0.00028775481731033604,0.9986901517297027,0.0010220934529881205
M0004,16,3,1.6094821626474892e-09,0.004666573467932868,0.9953334249225836
M0004,17,3,2.167012801176e-06,0.4161600396799778,0.5838377933072197
M0004,18,3,7.370437570363914e-08,0.3810127044090022,0.6189872218866215
M0004,19,2,3.873560048825233e-05,0.9710232240307816,0.028938040368731186
M0004,20,3,8.023693888876372e-20,3.158552531099297e-17,1.0
M0004,21,2,0.006307523363348898,0.9934913105747397,0.00020116606191040876
M0004,22,3,5.145492267285765e-10,0.0007435711120477344,0.999256428373404
M0004,23,1,0.8617224245256648,0.13824223163725544,3.53438370800535e-05
M0004,24,1,0.999999999999936,6.246371604701846e-14,4.1118063172229595e-16
M0004,25,3,1.6183296737546157e-05,0.18257825296825522,0.8174055637350071
M0004,26,2,0.06563376402053862,0.9336892485402754,0.000676987439185512
M0005,2,1,0.9958680042690893,0.004131961258064106,3.4472847649754316e-08
M0005,3,3,6.263138097687562e-12,3.471961599294927e-12,0.9999999999902656
M0005,4,1,0.999999986763001,1.3220030721629484e-08,1.6967307363786082e-11
M0005,5,1,0.9694982594527395,0.030493256377229907,8.484170032318312e-06
M0005,6,1,0.9999998358905337,1.6409212619053854e-07,1.7338634633707528e-11
M0005,7,1,0.9977889318631349,0.002211065923901179,2.2129635222014495e-09
M0005,8,2,0.0009032035564008205,0.9983917893066587,0.0007050071369410261
M0005,9,3,1.5746201571347625e-20,2.3541139288723674e-16,1.0
M0005,10,1,0.9999999999967102,3.2896808375530444e-12,4.240442992649139e-16
M0005,11,3,2.0077987863894269e-13,6.573977017461433e-09,0.9999999934258206
M0005,12,1,0.9999978091540118,2.1907223196682876e-06,1.2366876754816291e-10
M0005,13,1,0.9999999977143901,2.284270780754538e-09,1.3392916569725427e-12
M0005,14,2,0.00017852093272863572,0.5333621042232267,0.4664593748440463
M0005,15,2,0.16350098798137533,0.8363014652470792,0.00019754677154431368
M0005,16,1,0.538358080150716,0.46163603360423927,5.886245045796236e-06
M0005,17,2,0.2174848594558665,0.7821292805386668,0.000385860005466082
M0005,18,2,0.0004426349008800485,0.9966806976182464,0.002876667480873233
M0005,19,2,6.779504414052209e-05,0.9962157953165134,0.0037164096393467985
M0005,20,2,0.005595839424760067,0.9942873761766915,0.00011678439854861329
M0005,21,1,0.9999999999472635,5.254050035886821e-11,1.9745897477915503e-13
M0005,22,3,2.4476348505177783e-11,7.649246312199305e-07,0.9999992350508909
M0005,23,2,0.0002443553405826192,0.9995290202380072,0.0002266244214098431
M0005,24,2,1.401587109202786e-05,0.9983194444900153,0.0016665396388936924
M0005,25,3,2.352191517924103e-27,6.789273873768176e-29,1.0
M0005,26,3,2.5806398513783616e-14,5.371517336789927e-10,0.9999999994628226
M0006,2,3,7.24901000727969e-05,0.13517914663477748,0.8647483632651501
M0006,3,1,0.9999999908432287,9.156048524040332e-09,7.221741588968288e-13
M0006,4,2,0.06900579421526859,0.9221217217936214,0.008872483991108552
M0006,5,3,1.843825746218238e-06,0.07765098927306144,0.9223471669011911
M0006,6,3,2.8809654581904263e-05,0.004882685930625998,0.9950885044147914
M0006,7,1,0.9999999909025732,9.095999921660786e-09,1.4273344170149883e-12
M0006,8,2,0.00854569021968324,0.9157427643596772,0.07571154542063932
M0006,9,1,0.9938446696451309,0.006155279511244011,5.0843626790643206e-08
M0006,10,1,0.999959872884153,4.012369661196222e-05,3.4192350973158717e-09
M0006,11,1,0.9999988379617833,1.1619438744800101e-06,9.434345651712203e-11
M0006,12,2,0.046769679099225636,0.9531050475894255,0.00012527331135031995
M0006,13,3,7.656575116655376e-09,0.02408805454292292,0.9759119378005019
M0006,14,1,0.9999999999970193,2.965130854496972e-12,1.6132920549863536e-14
M0006,15,3,3.0475630536812455e-19,8.902465771170028e-18,1.0
M0006,16,2,0.002809428692007279,0.9965730191779746,0.0006175521300186585
M0006,17,3,5.999036901235279e-23,4.8024189524498565e-23,1.0
M0006,18,2,0.0024714757693651336,0.9804233903986729,0.017105133831962487
M0006,19,3,3.2590539715553756e-13,4.090500229592187e-07,0.9999995909496511
M0006,20,3,4.642109022936562e-19,1.1989182881232379e-16,1.0
M0006,21,1,0.7662781818269303,0.23372073471673627,1.0834563342324607e-06
M0006,22,3,1.829469794678237e-05,0.4661407173116372,0.5338409879904146
M0006,23,3,1.2437945912006175e-15,2.9062346337945392e-09,0.999999997093763
M0006,24,3,2.3819462766454926e-11,4.492177211894135e-05,0.9999550782040608
M0006,25,3,3.4084642261878884e-17,6.469174565577027e-10,0.9999999993530828
M0006,26,3,2.727911060186158e-09,0.0012233362142639575,0.9987766610578249
M0007,2,1,0.9999999976215506,2.3735321312390933e-09,4.918604980048298e-12
M0007,3,3,9.12810161587775e-11,3.967546494149855e-12,0.9999999999047517
M0007,4,1,0.9999774676918356,2.2520282759080278e-05,1.2025405126910991e-08
M0007,5,2,0.25591117821506687,0.7429734689047095,0.0011153528802208094
M0007,6,1,0.8268567114279568,0.1731389179525802,4.37061946335493e-06
M0007,7,3,2.847098694228936e-08,1.7272791593554323e-05,0.9999826987374191
M0007,8,2,0.02078915853996583,0.9486685247187726,0.030542316741259137
M0007,9,1,0.9999942453571743,5.754633734678548e-06,9.090788681568355e-12
M0007,10,3,9.300331591963628e-09,3.012856635897063e-07,0.9999996894140024
M0007,11,3,7.09377162268354e-10,4.367584674802268e-09,0.9999999949230371
M0007,12,1,1.0,1.203546263935702e-16,3.992801530875805e-17
M0007,13,3,2.35693343504115e-09,2.4174081319697462e-05,0.9999758235617492
M0007,14,2,0.0031290838859528835,0.9956422746095911,0.0012286415044527835
M0007,15,2,0.006328890423046323,0.993589854519781,8.125505717615839e-05
M0007,16,2,0.0018973575072565982,0.9977000328640532,0.0004026096286913027
M0007,17,3,2.2822261498899701e-07,0.18818712015356548,0.8118126516238167
M0007,18,2,1.8832733133275207e-07,0.5902565573154455,0.4097432543572256
M0007,19,2,2.28392552517928e-06,0.9902394463944055,0.009758269680070661
M0007,20,2,0.0016763907236126867,0.9979114487016453,0.0004121605747443908
M0007,21,1,0.9999999999954738,4.528214798834824e-12,2.4612618629399574e-17
M0007,22,2,0.01929870400751991,0.980691539109899,9.756882580661191e-06
M0007,23,2,0.0008669505293481674,0.9989454594989768,0.0001875899716726195
M0007,24,3,8.400566664970365e-15,1.2103090917970938e-10,0.999999999878959
M0007,25,3,9.145804896527062e-07,0.10813657556009058,0.8918625098594213
M0007,26,3,4.567519991458098e-08,0.003232087757763276,0.9967678665670403
M0008,2,3,3.538275248603969e-11,2.5666651473436996e-05,0.999974333313144
M0008,3,1,1.0,8.040021334732813e-28,2.031184596375318e-24
M0008,4,2,0.2756961442867805,0.7242141127628139,8.974295040540033e-05
M0008,5,3,9.164351086309439e-12,5.954772562067078e-06,0.9999940452182727
M0008,6,2,0.00018251421726351943,0.9931340071976064,0.006683478585130797
M0008,7,2,7.605132775903662e-07,0.6001298615458317,0.39986937794089006
M0008,8,2,0.2680426870221521,0.7318985741606217,5.8738817226032105e-05
M0008,9,1,1.0,6.914167404803015e-17,1.2745276633887112e-17
M0008,10,1,1.0,1.1338928776453928e-23,4.358219365384533e-24
M0008,11,1,0.8270576350073747,0.1729423119455053,5.3047120047827805e-08
M0008,12,2,0.06862509223532001,0.931350326021381,2.4581743299780725e-05
M0008,13,1,0.9999999986696615,1.3303338286170355e-09,4.09167192825118e-15
M0008,14,2,2.283947919641677e-05,0.701979269390464,0.297997891130339
M0008,15,1,0.9999999998434141,1.565776344096503e-10,7.770761427882364e-15
M0008,16,3,1.7562801231238839e-15,3.3148235458665363e-10,0.9999999996685158
M0008,17,3,1.0171760405628827e-07,0.19578185404454151,0.8042180442378546
M0008,18,2,1.2417233081428114e-06,0.7834471600979872,0.2165515981787052
M0008,19,3,6.023258716078712e-06,0.3265851740875382,0.6734088026537465
M0008,20,1,0.9918695765400113,0.008130420395130707,3.0648583311576565e-09
M0008,21,2,6.520002832978618e-07,0.5266719465086406,0.4733274014910759
M0008,22,2,0.005023826133519332,0.9947256453661776,0.0002505285003039137
M0008,23,1,0.999991418763035,8.581235368078871e-06,1.5976323988097858e-12
M0008,24,2,0.0011039774605454444,0.9986147354601991,0.00028128707925518647
M0008,25,2,0.0003578810476304925,0.9996354935616202,6.625390749157243e-06
M0008,26,2,6.349427763727678e-08,0.943178303525562,0.05682163298016082
M0009,2,2,0.11290418725806807,0.8863510195990953,0.000744793142837008
M0009,3,3,1.9929460658142764e-08,2.1715094374356896e-05,0.9999782649761639
M0009,4,1,0.999997874325899,2.124984791301254e-06,6.893108146438313e-10
M0009,5,1,0.5275641389236699,0.472430736883622,5.124192707988609e-06
M0009,6,2,0.0038714654504030297,0.9958673049047164,0.0002612296448822865
M0009,7,2,0.09382511985627219,0.9061680703347859,6.809808940353656e-06
M0009,8,2,0.03042481554397985,0.9694250073696354,0.00015017708638514904
M0009,9,1,0.9999962871341741,3.712864515435806e-06,1.312092490820693e-12
M0009,10,2,0.004179223669838184,0.9956878013939442,0.0001329749362184659
M0009,11,2,4.371037051105479e-05,0.9999427023738269,1.3587255662161484e-05
M0009,12,2,1.2946155214192813e-05,0.9981245744466942,0.0018624793980901563
M0009,13,2,6.3959558049298436e-06,0.903270709889801,0.09672289415439454
M0009,14,3,3.863821290190692e-20,9.19122762678967e-16,1.0
M0009,15,3,6.633876974345289e-09,0.17626098776599555,0.8237390056001276
M0009,16,3,9.767842326791084e-16,4.691972625598488e-11,0.9999999999530793
M0009,17,1,0.5008885831494497,0.4990780972542073,3.331959634124847e-05
M0009,18,1,0.6229710826502415,0.3770164776377245,1.2439712035489984e-05
M0009,19,1,0.9999998812388746,1.1875803525637767e-07,3.088845431210854e-12
M0009,20,2,3.111725842274099e-06,0.5564014210408881,0.4435954672332689
M0009,21,2,0.012705529086643906,0.9872344930724644,5.997784089092573e-05
M0009,22,1,0.9908728478684741,0.009127138454536169,1.3676989486370254e-08
M0009,23,3,1.9497569740148584e-11,5.261477313554501e-07,0.9999994738327728
M0009,24,1,0.9997119573765847,0.00028803813613527743,4.4872795924754446e-09
M0009,25,1,0.9283873011678649,0.07159450268449652,1.8196147639624562e-05
M0009,26,3,5.044234316726262e-13,1.9815786403907946e-06,0.9999980184208561
M0010,2,1,0.9468658170489116,0.05313405301303996,1.2993805006748696e-07
M0010,3,1,0.9999997221392962,2.7786068076379783e-07,2.262280208970172e-14
M0010,4,2,0.0025431260810513594,0.997291428278197,0.00016544564075043495
M0010,5,2,0.02263379194842093,0.97736471098087,1.4970707125338907e-06
M0010,6,2,1.1386671746570186e-06,0.9652410689047153,0.03475779242810871
M0010,7,2,0.46498965822205796,0.5350096400750788,7.017028629677347e-07
M0010,8,1,0.9999999701009732,2.98985026963758e-08,5.237444488150965e-13
M0010,9,1,0.9761720456598071,0.023827946225957877,8.114234973411417e-09
M0010,10,2,0.0027245085878102137,0.9965907762306393,0.0006847151815532199
M0010,11,3,1.1474284924324136e-15,4.070648621035305e-09,0.9999999959293504
M0010,12,3,5.371557881894392e-19,1.4546586027122138e-15,1.0
M0010,13,2,0.0007005345161486458,0.9992136915748423,8.57739090055568e-05
M0010,14,2,0.0001150203528312399,0.9965732760577848,0.003311703589385981
M0010,15,1,0.9999998606434656,1.3935653078195073e-07,2.525373202004608e-15
M0010,16,2,0.010284640356346528,0.9887609433120287,0.0009544163316229823
M0010,17,3,8.813269350194405e-19,1.6572338332202387e-15,1.0
M0010,18,3,1.361285085315853e-15,5.36481762567943e-10,0.9999999994635189
M0010,19,1,0.9565165802775102,0.04348335369686382,6.602562794034569e-08
M0010,20,2,6.571567174883808e-05,0.9960127791632146,0.003921505165033957
M0010,21,2,3.019345253814944e-05,0.9923293086972923,0.007640497850171306
M0010,22,2,0.00017798767610793646,0.9997548879398553,6.712438403682811e-05
M0010,23,3,1.175120672851245e-19,3.18024624499496e-15,1.0
M0010,24,2,0.00035056688537442126,0.9938727721546856,0.0057766609599397365
M0010,25,1,0.9999999982798329,1.7201685322014346e-09,1.7961655563982936e-15
M0010,26,1,0.9814342790396999,0.01856542565089798,2.953093992713272e-07
M0011,2,2,0.0009104343766470273,0.7576941468289354,0.24139541879441695
M0011,3,2,0.27159501441653255,0.7281749099842904,0.00023007559917555975
M0011,4,1,0.9992060330100602,0.0007939465846673727,2.0405273926527698e-08
M0011,5,1,0.9999999099680897,9.002861071817598e-08,3.3009380694673867e-12
M0011,6,1,0.9999998983982381,1.0154569849341688e-07,5.6062998609567504e-11
M0011,7,2,0.060163770828510155,0.9251354715033624,0.014700757668127363
M0011,8,1,0.9986407380668744,0.0013591604882045413,1.0144492124908518e-07
M0011,9,1,0.99996205925705,3.794033704245681e-05,4.05905928041272e-10
M0011,10,2,2.324830459911457e-05,0.986250279170957,0.013726472524443912
M0011,11,3,4.185605453939417e-15,1.2373545562434082e-12,0.9999999999987601
M0011,12,1,0.9999999999999325,6.533520337830313e-14,5.493821834115564e-16
M0011,13,2,0.00015952047021933584,0.9977489723617633,0.0020915071680160783
M0011,14,2,0.00020433105879769778,0.9995138833674938,0.00028178557370846257
M0011,15,3,1.8533195961712844e-20,3.471642076507837e-17,1.0
M0011,16,3,6.027208505435428e-07,0.039471231102648455,0.9605281661765012
M0011,17,3,4.803600303804973e-07,0.028717563708874076,0.9712819559310949
M0011,18,2,0.0009503952414059295,0.9986687800564202,0.0003808247021720994
M0011,19,2,0.1945328228818064,0.8054205202833778,4.665683481402908e-05
M0011,20,3,3.2986991644793874e-06,0.007095580941292912,0.992901120359542
M0011,21,3,2.111321234268484e-08,4.854311250882201e-05,0.9999514357742778
M0011,22,2,0.14429640293530435,0.8556291596720363,7.443739266105202e-05
M0011,23,3,0.00012620311212990424,0.25607344491171075,0.7438003519761611
M0011,24,1,0.9988502772424426,0.00114971514524446,7.61231222747773e-09
M0011,25,3,2.025373404393469e-06,0.00597112478461104,0.9940268498419834
M0011,26,1,0.9552003618910498,0.04479961493978212,2.3169168142429597e-08
M0012,2,3,0.0001074525310698686,0.0457844451870382,0.9541081022818937
M0012,3,3,6.09039790744918e-08,8.300581316897893e-06,0.9999916385147061
M0012,4,1,0.9484156059405431,0.051583045192253395,1.3488672033077163e-06
M0012,5,3,0.0024048426777543287,0.3480205777081482,0.6495745796140943
M0012,6,3,1.8711809820837947e-06,0.06605442593717213,0.9339437028818492
M0012,7,2,0.10698323470770657,0.8924588661456231,0.000557899146673835
M0012,8,2,0.0005257750025888249,0.9212281854871115,0.07824603951029638
M0012,9,2,9.796581411968633e-06,0.5525934375530805,0.44739676586550575
M0012,10,1,0.9999999999827338,1.725493554493936e-11,1.4040591676933695e-14
M0012,11,1,0.9999999982956922,1.701076040908986e-09,3.2340135407094175e-12
M0012,12,3,2.6679792465429382e-08,1.2070152210809526e-05,0.9999879031679937
M0012,13,1,0.9999999999984936,1.5081474275224969e-12,5.050932462667428e-17
M0012,14,3,5.415679291392879e-16,1.3541186513945746e-14,0.9999999999999858
M0012,15,2,0.0006886025663745418,0.9972349264206961,0.002076471012930297
M0012,16,2,0.0026514313334275045,0.9973459858884638,2.582778106375816e-06
M0012,17,2,0.0012432431708455434,0.998656717254187,0.00010003957496995402
M0012,18,2,1.1350336216332129e-05,0.5024537239125392,0.49753492575124314
M0012,19,2,0.4536466587685142,0.546342612017827,1.0729213658857208e-05
M0012,20,3,5.863371681055051e-13,7.202164120223308e-11,0.9999999999273896
M0012,21,1,0.9957572355692673,0.004242757723760807,6.70697282539305e-09
M0012,22,2,0.0025707485752207455,0.9942533026459612,0.0031759487788208846
M0012,23,3,9.075555964694812e-17,5.249455013122757e-10,0.999999999475051
M0012,24,2,0.0019683156736434045,0.9959108902217783,0.002120794104580398
M0012,25,3,5.4068144808200155e-12,0.0001859711259816484,0.9998140288686145
M0012,26,2,9.852435301797751e-05,0.9993681756138914,0.0005333000330906358
M0013,2,2,0.001366738562053094,0.9781077433085443,0.02052551812940138
M0013,3,1,0.9999992211969917,7.788029974530933e-07,9.496926524705997e-15
M0013,4,2,0.00025665663934135554,0.9642314034887539,0.035511939871905734
M0013,5,3,1.5114188792383205e-14,1.4248992251823214e-08,0.9999999857509891
M0013,6,3,4.3186033884727926e-10,0.0004283366895336624,0.9995716628786063
M0013,7,2,0.15399172432309793,0.8459454558642223,6.281981267785976e-05
M0013,8,1,0.5591613656975624,0.4408382431436881,3.911587474513139e-07
M0013,9,2,0.011533497877404344,0.9539789741910905,0.03448752793150651
M0013,10,1,0.5299853304251259,0.4700057172676978,8.952307178147434e-06
M0013,11,3,2.480968364209782e-07,0.0001957568643414935,0.9998039950388236
M0013,12,1,0.9999997199058407,2.8008265708548755e-07,1.1503870498090186e-11
M0013,13,2,0.1117421788337302,0.8874946413897862,0.0007631797764829522
M0013,14,3,4.93629409904009e-13,8.743417932952686e-14,0.9999999999994174
M0013,15,3,5.217722849616789e-07,0.0005500722330342622,0.999449405994681
M0013,16,3,5.204953076688621e-06,0.00688302912463135,0.993111765922295
M0013,17,3,7.682964645765816e-12,2.9284454120406586e-08,0.999999970707862
M0013,18,1,0.9999841651551095,1.5834651213659086e-05,1.936765492821032e-10
M0013,19,1,0.9999058535891677,9.41431721225391e-05,3.238711345549649e-09
M0013,20,3,6.477379700804571e-05,0.19226001036108703,0.8076752158419015
M0013,21,1,0.996750265280567,0.003249718753486762,1.5965949079029278e-08
M0013,22,1,0.7891506053500555,0.21084937581901345,1.8830934043948583e-08
M0013,23,2,0.00010864658947905613,0.999807777672741,8.357573778187422e-05
M0013,24,2,0.001471121806311654,0.9985195366992102,9.341494479945885e-06
M0013,25,2,3.5055849489662422e-06,0.9538694397687753,0.046127054646278816
M0013,26,3,8.695714338994225e-08,0.11734981333488054,0.8826500997079746
M0014,2,3,6.706563235106766e-09,6.62203634604789e-05,0.999933772929976
M0014,3,2,0.046922381622699905,0.9530439069463549,3.371143094435711e-05
M0014,4,2,0.00032176257021693564,0.9680155528191766,0.0316626846106096
M0014,5,2,0.006869520913236985,0.9927662541019566,0.0003642249848058938
M0014,6,3,6.756380634013648e-06,0.3104770613869166,0.6895161822324477
M0014,7,2,0.0007458032512151404,0.9985218872986317,0.0007323094501527287
M0014,8,2,1.4036938305084788e-05,0.9882150511031641,0.011770911958529487
M0014,9,2,0.0210199487271638,0.9789681778771807,1.1873395653132884e-05
M0014,10,2,3.686818649154467e-05,0.9642102015184925,0.03575293029501433
M0014,11,2,0.00014999308506562545,0.9975388868467204,0.0023111200682154483
M0014,12,2,0.06407738809207991,0.9358785213544186,4.409055350351763e-05
M0014,13,2,0.040655935666888604,0.9593012915183797,4.2772814734927686e-05
M0014,14,2,0.17904878872344743,0.8208625601913906,8.865108516152664e-05
M0014,15,1,0.999999991314489,8.685452212962517e-09,5.766484116480162e-14
M0014,16,2,0.0035386332150342628,0.9506731929415435,0.045788173843423284
M0014,17,3,1.0819360730166734e-13,9.261824401926003e-06,0.9999907381754863
M0014,18,2,9.371772567653623e-07,0.8867397579862497,0.11325930483649155
M0014,19,2,7.546444299852124e-05,0.9929208124800102,0.007003723076988709
M0014,20,2,1.4038418228789334e-05,0.8427328722352329,0.15725308934653656
M0014,21,1,0.9998860279741627,0.00011397183705387383,1.8878144104874058e-10
M0014,22,2,0.016638218573630997,0.9775663921642682,0.005795389262097484
M0014,23,1,0.992870309904959,0.0071296801292265455,9.965814726936328e-09
M0014,24,2,0.00013850378580240754,0.9853070628062621,0.014554433407935006
M0014,25,2,0.0009313583409513396,0.9987247541308439,0.00034388752820784966
M0014,26,1,0.9999989933029547,1.006345022938817e-06,3.5202158309257803e-10
M0015,2,1,0.9999998223880249,1.776013601375114e-07,1.0614940448000378e-11
M0015,3,1,0.9999290089011033,7.08574809904431e-05,1.3361790691133779e-07
M0015,4,1,0.9999999999884075,1.1590989191455731e-11,8.803435024868971e-16
M0015,5,2,0.001800589685677833,0.7841246953888028,0.21407471492551922
M0015,6,2,0.11563134665861365,0.8843477581277023,2.0895213684318475e-05
M0015,7,2,0.0013313631297830618,0.9984705730024674,0.00019806386774993124
M0015,8,2,4.829017265831125e-06,0.9876421229982789,0.012353047984455858
M0015,9,2,0.0005004432339016757,0.7937156364647048,0.20578392030139347
M0015,10,3,2.1735957432952763e-07,0.004258810922337246,0.9957409717180881
M0015,11,2,0.040944262429187535,0.9589897856904779,6.595188033389377e-05
M0015,12,2,0.10077855449555288,0.8990133896272455,0.0002080558772014033
M0015,13,1,0.998360703767033,0.0016392685771884907,2.7655778455996612e-08
M0015,14,1,0.981886839940768,0.018109248181135303,3.911878095850242e-06
M0015,15,3,4.752544235400624e-22,6.878872091372484e-36,1.0
M0015,16,2,0.3840247347993728,0.6159705111575011,4.7540431266357665e-06
M0015,17,2,0.14962378613540017,0.8503759729549027,2.4090969733187007e-07
M0015,18,2,0.024749425856750083,0.9752479022310009,2.6719122495242855e-06
M0015,19,1,0.9999797975514885,2.0201872064222662e-05,5.764472993221446e-10
M0015,20,3,3.979212480058788e-09,4.750243122249108e-05,0.9999524935895651
M0015,21,1,1.0,4.959835823681604e-27,5.369155444127018e-29
M0015,22,3,6.958723178896257e-11,6.57238560167069e-05,0.9999342760743954
M0015,23,1,0.9999998020383885,1.9796139875270426e-07,2.120081497281448e-13
M0015,24,1,0.9835753667924192,0.01642425065292026,3.825546608285709e-07
M0015,25,3,8.117782448905339e-10,0.00010393847136010699,0.9998960607168611
M0015,26,3,2.627564929207345e-07,0.11893700597142134,0.8810627312720855
M0016,2,1,0.9999265034127438,7.349657326362528e-05,1.3993043445512646e-11
M0016,3,3,1.4674328273978729e-05,0.21913362790417507,0.780851697767551
M0016,4,3,1.7177775392844244e-20,1.0163385372947009e-22,1.0
M0016,5,3,1.9574696817429138e-07,0.00020347816558411968,0.9997963260874482
M0016,6,2,0.008322002806258604,0.9910850791703618,0.0005929180233782598
M0016,7,1,0.9999999915494335,8.449970149879621e-09,5.962399039828707e-13
M0016,8,3,8.598153169587005e-08,3.092826047775003e-06,0.9999968211924188
M0016,9,3,3.9824517820350034e-07,0.008054001482825588,0.9919456002719964
M0016,10,1,0.642670046286582,0.35732694385836583,3.0098550536066506e-06
M0016,11,2,0.0047246821519778,0.9952224370337566,5.288081426695189e-05
M0016,12,2,0.003980428080771213,0.9959111985936863,0.0001083733255412943
M0016,13,1,0.9999714411670079,2.8558747395720403e-05,8.559688597785204e-11
M0016,14,1,0.9985021933973394,0.0014978028369102543,3.765750143574692e-09
M0016,15,3,3.9197791952316055e-19,8.336675176165735e-15,0.9999999999999929
M0016,16,2,7.899946460861671e-05,0.9985227977286892,0.0013982028067031844
M0016,17,2,5.732496887098996e-07,0.7880634522614223,0.21193597448889026
M0016,18,3,8.666647759244687e-21,3.4552674635571445e-17,1.0
M0016,19,2,0.00044411500758659013,0.9994331066185059,0.0001227783739077708
M0016,20,2,0.0004918055915728054,0.9994325508236183,7.564358480822955e-05
M0016,21,3,6.2552281433545555e-22,2.4691328553538093e-21,1.0
M0016,22,2,0.0011637675560813748,0.9955959120226279,0.0032403204212899323
M0016,23,3,3.927308414270116e-16,8.858990979788807e-11,0.9999999999114095
M0016,24,1,0.9999999392743623,6.072546432430158e-08,1.7463021291270396e-13
M0016,25,3,1.0721649090164547e-15,6.483422909800262e-14,0.9999999999999325
M0016,26,1,1.0,4.1060780915824856e-29,1.7050411363868573e-28
M0017,2,1,1.0,1.3190659000761476e-23,3.42019947347024e-22
M0017,3,2,7.891838260087557e-05,0.7330975522402899,0.26682352937711035
M0017,4,2,0.00032113496886609515,0.8882279559717868,0.11145090905934536
M0017,5,3,3.261873481693163e-07,0.0007905892659087954,0.9992090845467428
M0017,6,3,2.0243637487741922e-05,0.06189512741822325,0.9380846289442905
M0017,7,2,0.1394834585751666,0.8595003608342878,0.0010161805905458188
M0017,8,1,1.0,7.52778698460441e-19,1.7052957706468007e-21
M0017,9,1,0.9903124658070102,0.009687528815179182,5.3778111594372974e-09
M0017,10,3,7.179844662946605e-06,0.08347178866362376,0.9165210314917118
M0017,11,1,0.9874171868001568,0.01258256126064382,2.5193920036332544e-07
M0017,12,2,0.0014529588207727573,0.9687047648331026,0.029842276346124408
M0017,13,1,0.9999991276134144,8.721711262461023e-07,2.1545810551425326e-10
M0017,14,3,1.1181821751789594e-08,0.0030629699724548155,0.996937018845725
M0017,15,2,0.001291046732902564,0.9986641396926269,4.48135744701248e-05
M0017,16,2,8.064774879489628e-05,0.7412404658946835,0.2586788863565223
M0017,17,2,0.03064233119589246,0.9693431082462047,1.4560557904415033e-05
M0017,18,3,2.8126474846543135e-13,2.4621428188142958e-08,0.9999999753782912
M0017,19,3,8.52665723706469e-09,0.0018890389066042149,0.9981109525667371
M0017,20,1,0.9999999255382078,7.446017914849727e-08,1.6136081262006554e-12
M0017,21,2,0.001431649566589613,0.9968627474335559,0.001705602999855447
M0017,22,3,9.638348430088936e-20,8.818423654390197e-16,1.0
M0017,23,3,1.0790490955139387e-05,0.030850229600982233,0.9691389799080637
M0017,24,3,3.3996925407322708e-09,6.804306123731166e-06,0.9999931922941823
M0017,25,1,0.9811146284399401,0.01888355967867263,1.8118813884228854e-06
M0017,26,1,0.9999999995489013,4.510978887057513e-10,8.420903625243418e-16
M0018,2,1,0.9998551981595031,0.000144798651648967,3.188846500865123e-09
M0018,3,1,0.9963826022802789,0.003617129164551617,2.685551680926017e-07
M0018,4,3,3.7342153723620765e-09,0.0002422988689717149,0.9997576973968113
M0018,5,2,0.013149154307484867,0.9867070747622341,0.00014377093028164684
M0018,6,1,0.8327626746611627,0.16723720425575342,1.2108308449825357e-07
M0018,7,2,0.0001704514266780901,0.9982245548289292,0.0016049937443937427
M0018,8,2,0.03455048501684647,0.9654482509184557,1.2640646983447538e-06
M0018,9,1,0.9999999357270027,6.427299655480141e-08,1.504468917593332e-15
M0018,10,2,0.003719184956762958,0.9961762954500699,0.00010451959316663868
M0018,11,2,1.9812136444128974e-05,0.9924249694007932,0.007555218462764224
M0018,12,2,0.0008497392508344788,0.9952541342308441,0.0038961265183198616
M0018,13,1,0.9999997705718663,2.2942386250600542e-07,4.2713070765689575e-12
M0018,14,1,0.9999971943250503,2.8055618610165187e-06,1.1308930774350513e-10
M0018,15,1,1.0,1.3610783470434157e-16,6.221103821963983e-17
M0018,16,2,2.896615163440822e-05,0.9886317078640211,0.011339325984343484
M0018,17,2,0.00010854129166525644,0.9991275898804092,0.0007638688279259359
M0018,18,3,1.1874047265238823e-24,4.3801482749554265e-28,1.0
M0018,19,1,0.6436256618807163,0.3563730235868962,1.3145323858207662e-06
M0018,20,3,1.0010283041023191e-07,0.055511735420336716,0.9444881644768317
M0018,21,2,2.0456417422000154e-06,0.9810445534995469,0.01895340085871124
M0018,22,2,0.0015767545993876065,0.9972859719799286,0.001137273420685376
M0018,23,1,1.0,1.246310429336146e-15,1.2839499289027727e-20
M0018,24,1,0.9881112456439824,0.011887397603966692,1.35675205213179e-06
M0018,25,2,0.08847832211977875,0.9101556068010249,0.0013660710791966824
M0018,26,3,2.5590278489402417e-12,3.336628231883253e-07,0.999999666334619
M0019,2,2,8.206924632299385e-05,0.9854326346457553,0.014485296107922952
M0019,3,1,1.0,1.2332236608722053e-18,1.1182556592912421e-18
M0019,4,1,0.999988599019849,1.1400441996921998e-05,5.381554051436171e-10
M0019,5,1,0.979035151738494,0.02096367236723822,1.1758942669369533e-06
M0019,6,2,0.002242897563175942,0.6981672570702799,0.2995898453665453
M0019,7,1,0.9670057307337142,0.03299396088374483,3.0838253970152583e-07
M0019,8,2,0.01840364408012818,0.9814017128031068,0.00019464311676472317
M0019,9,3,6.885005479492904e-09,1.8383262214853787e-06,0.9999981547887742
M0019,10,3,7.365461267504032e-13,1.2892000764911654e-12,0.999999999997975
M0019,11,2,0.015335712975009604,0.9802612689877044,0.004403018037286831
M0019,12,1,0.9999999993038315,6.959961161377353e-10,1.7378179128904152e-13
M0019,13,3,1.5090209423125835e-10,5.758432031048296e-11,0.9999999997915126
M0019,14,1,0.9738235741349494,0.026174989666622968,1.43619842729302e-06
M0019,15,1,0.9999999999999929,5.592877331600029e-15,1.521243083114038e-17
M0019,16,2,0.04569515949948374,0.9516281040708572,0.0026767364296583296
M0019,17,3,2.016576648195816e-06,0.005307877991944712,0.9946901054314056
M0019,18,3,0.00015286021546332527,0.1451816732804762,0.8546654665040608
M0019,19,2,0.008180958098589817,0.9728823921223655,0.018936649779046202
M0019,20,1,0.8638437648811319,0.13615485571368408,1.3794051830378481e-06
M0019,21,3,1.6517389151968435e-07,3.769170898481327e-05,0.999962143117124
M0019,22,1,0.906500188624014,0.09349071271568052,9.098660304735162e-06
M0019,23,1,0.9999999999985967,1.4035331763431694e-12,1.1022278941974985e-17
M0019,24,3,7.097605745205966e-05,0.45718414855601597,0.5427448753865323
M0019,25,3,1.3211635530664224e-16,1.956609605949432e-12,0.9999999999980425
M0019,26,2,7.344667568734389e-05,0.9873749650712329,0.012551588253078496
M0020,2,2,1.0079983125717598e-05,0.9732185597654921,0.026771360251382843
M0020,3,2,8.4175976764935e-06,0.9984013083797219,0.001590274022603515
M0020,4,2,1.6617079865197873e-05,0.9998287779759045,0.00015460494423267265
M0020,5,2,0.008104656554017623,0.9915688766210834,0.0003264668249019415
M0020,6,1,0.9999666785370603,3.332143766830683e-05,2.527006434080574e-11
M0020,7,3,4.8430892833463514e-11,6.420023502821575e-08,0.9999999357513353
M0020,8,1,0.9999999483378246,5.1660900871410545e-08,1.2770491104399299e-12
M0020,9,1,0.9999999270893438,7.290907628981205e-08,1.5782459725219692e-12
M0020,10,1,0.9612551717636549,0.03874472691866488,1.013176809196207e-07
M0020,11,2,0.0002775048693722983,0.9952694669647585,0.004453028165871544
M0020,12,2,8.079197310999655e-05,0.9987749310694017,0.0011442769574893864
M0020,13,2,0.07384974867975401,0.926149409111683,8.422085617210424e-07
M0020,14,2,5.041475059573559e-06,0.9847298607867343,0.015265097738204733
M0020,15,3,1.883311546931142e-11,5.022882838034263e-06,0.9999949770983276
M0020,16,1,0.9999978258799418,2.174118560095886e-06,1.4968695070443561e-12
M0020,17,1,0.9897999555408439,0.010200011162604718,3.329655285287995e-08
M0020,18,3,3.146468877100092e-06,0.0009143363714826256,0.9990825171596429
M0020,19,1,0.999999999953836,4.6109009117164214e-11,5.452145093072885e-14
M0020,20,3,1.8154836538695732e-07,5.035593860671851e-05,0.9999494625130259
M0020,21,3,8.557638537784736e-08,2.836302138056042e-06,0.9999970781214796
M0020,22,1,0.9999440551897922,5.5941482886098626e-05,3.327321211352778e-09
M0020,23,3,2.7844415722702862e-09,1.0194365577477318e-06,0.9999989777789973
M0020,24,2,0.006615249836935947,0.9933789505031296,5.7996599361045265e-06
M0020,25,2,0.001134316834177506,0.997346351754704,0.0015193314111190568
M0020,26,3,8.83879127113215e-08,0.000169618819512171,0.9998302927925727
M0021,2,2,0.08988890786715657,0.9091918247676402,0.0009192673652053284
M0021,3,1,0.996543434714795,0.0034565351055278405,3.0179675993987435e-08
M0021,4,2,0.0001415617624139446,0.8614061089163284,0.13845232932125623
M0021,5,1,0.9910705408734702,0.008929448784422868,1.0342108621551376e-08
M0021,6,3,1.9481298611596062e-06,0.0004966131123348002,0.9995014387578031
M0021,7,2,0.038253202247507265,0.9613960580049481,0.00035073974754404227
M0021,8,1,0.9975308333677445,0.002469154859975395,1.1772282385531602e-08
M0021,9,2,0.004125642392230748,0.9496341147862991,0.04624024282147204
M0021,10,2,0.13272564806384288,0.8667121762172015,0.0005621757189529365
M0021,11,1,0.8941004008871433,0.10589915083350779,4.482793503509791e-07
M0021,12,1,0.9348440092561521,0.06515554058943965,4.501544069992083e-07
M0021,13,3,8.333816366366851e-05,0.49854528121289066,0.5013713806234451
M0021,14,3,9.140275143849649e-11,7.899593430552335e-06,0.9999921003151641
M0021,15,3,4.3878286180914826e-10,3.465561555229731e-05,0.9999653439456664
M0021,16,3,2.6168606380788067e-07,0.10340567387397637,0.8965940644399574
M0021,17,2,8.834558444875663e-05,0.9857342197286892,0.014177434686858975
M0021,18,2,1.4009222041809807e-06,0.9734088320069589,0.02658976707083387
M0021,19,2,2.2161023543626255e-06,0.9898613198894096,0.010136464008236853
M0021,20,2,1.500020485151898e-05,0.9972829115454083,0.0027020882497387263
M0021,21,3,1.3749589459284343e-09,6.420547415441786e-05,0.9999357931508892
M0021,22,3,1.2646452189850236e-13,3.165836324333741e-08,0.9999999683415132
M0021,23,3,1.1070904594437721e-13,7.699358778345831e-08,0.9999999230063027
M0021,24,2,0.004125927508613865,0.9958114972269231,6.257526446059408e-05
M0021,25,2,0.00932239800548307,0.9906627891731247,1.4812821391265348e-05
M0021,26,2,3.808257463646169e-05,0.8943766312091287,0.10558528621623542
M0022,2,1,0.9999998577097132,1.4226090073066024e-07,2.938396562442805e-11
M0022,3,1,0.9999794248364688,2.0574944542188014e-05,2.1898733124518487e-10
M0022,4,2,0.04132603601238583,0.958249404360657,0.00042455962695545736
M0022,5,2,0.002359127008650833,0.9973282880657728,0.0003125849255783423
M0022,6,2,0.03314768555439022,0.9668074964072468,4.4818038363019545e-05
M0022,7,2,0.07291421631788933,0.9270647497590685,2.10339230404131e-05
M0022,8,2,0.08383044001710345,0.915868873640434,0.0003006863424645253
M0022,9,1,0.9145235022055078,0.08547612012865372,3.7766583576828715e-07
M0022,10,2,0.48576764000329714,0.5134031929916629,0.0008291670050380439
M0022,11,1,0.9998212541672689,0.00017874429529536875,1.5374361794678668e-09
M0022,12,1,0.9959956119837352,0.004004141324561089,2.466917065351887e-07
M0022,13,1,0.9999999999978684,2.1348485984389877e-12,6.12428228210851e-18
M0022,14,1,0.9881538984571554,0.011845968250235055,1.3329260674289176e-07
M0022,15,3,2.7169742189803804e-12,6.435632527919982e-06,0.999993564364754
M0022,16,2,0.00021888752791833797,0.6969546762025951,0.30282643626948946
M0022,17,1,0.9708691977439282,0.02913069201913188,1.1023694262812328e-07
M0022,18,2,0.3856113203500191,0.6133253086013514,0.0010633710486327422
M0022,19,3,9.439438925897811e-05,0.36266629182253646,0.6372393137882029
M0022,20,3,5.05914636066479e-06,0.11502900776093765,0.8849659330926987
M0022,21,2,0.05856459124508731,0.9414125589059004,2.2849849013558582e-05
M0022,22,2,0.025877387547158428,0.9741202677608484,2.3446919930565685e-06
M0022,23,1,0.9999996836808268,3.163188868217373e-07,2.8314144004824223e-13
M0022,24,2,0.3442169398437974,0.6554953478651494,0.0002877122910524638
M0022,25,3,1.1063159608106469e-09,1.0425832664616643e-06,0.9999989563104184
M0022,26,1,0.9993666006458573,0.000633381352484933,1.8001654877034997e-08
M0023,2,2,0.17155675783829155,0.8284170661331103,2.6176028596466437e-05
M0023,3,1,1.0,1.2505101859007134e-16,4.3839862125545864e-18
