manager_id,period_id,most_likely_state,posterior_state_1,posterior_state_2,posterior_state_3,posterior_state_4
M0001,2,4,5.746959343330463e-06,0.06697650308590104,0.10564603504070826,0.8273717149140479
M0001,3,4,0.002689908312977521,0.0005622553336861939,0.00016886271450848432,0.9965789736388291
M0001,4,1,0.9983400584841982,0.0016599415156253194,6.594693378550477e-17,1.7543514099363927e-13
M0001,5,3,2.6420015689871055e-08,0.05559835459611015,0.8339134923650487,0.11048812661882505
M0001,6,3,1.1364104507299171e-06,0.02615936013582588,0.5546736443637004,0.4191658590900221
M0001,7,2,7.332257570702621e-11,0.999907289451688,6.366188484719275e-31,9.271047498976167e-05
M0001,8,1,0.7263198722875828,0.10166642313833536,6.508319955482361e-08,0.17201363949088314
M0001,9,3,0.16926877190496364,0.11339982288628729,0.7173314052087476,2.4464992951208105e-17
M0001,10,4,0.1335807122701101,0.08620423313757351,6.758467080146118e-06,0.7802082961252378
M0001,11,3,3.9694689115074684e-16,0.2321911647314589,0.7678088332501345,2.018407013272451e-09
M0001,12,1,0.9862880022165851,0.01371199778341502,3.809269006593842e-18,5.923784808486594e-16
M0001,13,4,1.7822600232141574e-05,0.017613180215544658,0.03388753956510129,0.9484814576191205
M0001,14,2,1.8340906795727884e-13,0.9995017374233014,0.0004982625765145458,6.316573732538495e-68
M0001,15,2,3.4742984501908267e-19,0.6298726938599463,0.37012730614002975,2.3724948725025562e-14
M0001,16,4,0.006564174644554568,0.0003521179216592375,0.00018141917313682895,0.9929022882606502
M0001,17,3,3.458926532261138e-12,0.05567974923910765,0.9443126718963262,7.578861106719919e-06
M0001,18,2,2.2544703294919135e-11,0.9725654226527998,0.02743457732465531,1.3091375032546005e-57
M0001,19,3,2.2802677552874943e-15,0.16659327987211464,0.8334067133618384,6.766046185632647e-09
M0001,20,4,2.398009295328585e-05,0.02875004868476134,0.007717800012717622,0.9635081712095688
M0001,21,4,9.776259132854653e-05,0.012787740446667696,0.002684960762511655,0.9844295361994909
M0001,22,3,1.788009526135465e-15,0.11242651704779362,0.8875734625974976,2.0354705394281867e-08
M0001,23,4,0.0766164940625896,0.3045389478609242,0.0002270832385337951,0.6186174748379539
M0001,24,2,7.550949236853105e-37,0.9999999206141434,7.938585801932845e-08,1.3332521623963588e-41
M0001,25,4,6.652263357485533e-07,0.22467312437253556,0.295163605177879,0.480162605223251
M0001,26,2,7.049948056066737e-34,0.9999981597274066,1.8402725931962586e-06,7.39003768387937e-35
M0002,2,3,0.22421648749515735,0.2093886664061753,0.5663948460986671,6.46866351987897e-16
M0002,3,4,0.02731109267578688,0.0035860725672164267,0.00010025867345394452,0.9690025760835436
M0002,4,4,1.6274301927810433e-06,0.014384381416384914,0.21615299781688949,0.7694609933365331
M0002,5,1,0.9973162474819244,0.0026837525180157555,6.125956850275034e-18,6.010397265530876e-14
M0002,6,1,0.9971487210709543,0.0028511460319342445,5.8173512000999846e-12,1.3289129480839544e-07
M0002,7,3,1.584790291298282e-07,0.0698575179439607,0.7506720764270268,0.17947024714998325
M0002,8,4,2.540169440946661e-06,0.2594460604051354,8.620803409670172e-21,0.7405513994254233
M0002,9,1,0.9632846997125244,0.036272137850765204,3.7135232202179717e-09,0.0004431587231872516
M0002,10,3,9.427624804477829e-10,0.032944616759381005,0.9658182769930741,0.001237105304782273
M0002,11,1,0.9978041404090282,0.002195859537485066,4.8255503280823135e-15,5.348206357020475e-11
M0002,12,1,0.9955044010193259,0.004494268135597046,1.3465759155602794e-12,1.3308437297212055e-06
M0002,13,3,5.764762555713178e-13,0.018463901915469857,0.9815333789799998,2.7191039546545452e-06
M0002,14,3,2.3591725659521884e-12,0.05687759175172647,0.9431053097548927,1.7098491021878547e-05
M0002,15,2,6.928052882466138e-25,0.969410088218043,0.030589911781956504,4.727293039247715e-22
M0002,16,4,9.313240971820926e-05,0.02001398484314284,2.83364922639416e-16,0.9798928827471383
M0002,17,4,0.4039640829532428,0.0033889621734515016,1.1872805372492721e-06,0.592645767592769
M0002,18,3,2.5981266337580656e-12,0.028718315335764702,0.9712699282074717,1.1756454165062253e-05
M0002,19,3,4.542067992088131e-08,0.018930781480780114,0.9590545300781809,0.02201464302035854
M0002,20,1,0.7736152605628289,0.22638473943717047,8.38790064051048e-29,5.005920950991173e-31
M0002,21,4,0.0002594321144227747,0.018256977090171617,0.002267615387215742,0.9792159754081902
M0002,22,2,1.6581948256008904e-24,0.9730478514196632,0.026952148580337662,3.831390981658253e-21
M0002,23,4,0.00665238968006936,0.023350507517442266,0.00010482521829341232,0.9698922775841942
M0002,24,2,2.4923063844490175e-22,0.9504793987126083,0.0495206012873913,1.1925712231129568e-17
M0002,25,1,0.9602496985916057,0.03970422555282505,4.168010704904979e-05,4.395748520318274e-06
M0002,26,2,8.098504226666158e-28,0.9953123312021502,0.004687668797849011,7.935205730704452e-28
M0003,2,3,4.0307024979408664e-07,0.35989399637559777,0.5208124380171081,0.11929316253704449
M0003,3,4,0.0026125296316268335,0.005077250095287107,0.00017304317379448545,0.9921371770992906
M0003,4,2,9.38332592422653e-25,0.9937220687212831,0.0062779312787137964,3.971358474775169e-21
M0003,5,2,2.4588766094734277e-20,0.8009737217942575,0.19902627820573365,8.209528131055324e-15
M0003,6,3,6.352100831002179e-14,0.0957123933544394,0.904287404122231,2.0252326625998774e-07
M0003,7,2,1.1376521591104268e-06,0.756279025042589,2.1702820780856777e-20,0.2437198373052546
M0003,8,3,1.1016762858485358e-12,0.040509281350427695,0.9594868365405386,3.88210792931109e-06
M0003,9,3,2.5551443028949917e-15,0.06219558999540809,0.9378044092561152,7.484727083222448e-10
M0003,10,1,0.9908132975047119,0.00828514440319061,0.0009015435339762982,1.4558123711094575e-08
M0003,11,3,9.5098222157333e-16,0.07424265089721846,0.9257573490198697,8.29121603207155e-11
M0003,12,4,8.417709146686478e-06,0.06309614823115868,0.4553871751216784,0.4815082589380132
M0003,13,3,1.3392966851902548e-06,0.2891530236568752,0.7108456370464425,3.108940272656156e-45
M0003,14,4,3.473848748427531e-05,0.008319261035051272,0.04689080378010584,0.9447551966973605
M0003,15,1,0.9985048273173649,0.0014951726280663465,4.987204750927953e-16,5.4570648686213305e-11
M0003,16,4,0.0021334684115268785,0.0003364962468217548,4.711209332213875e-05,0.9974829232483288
M0003,17,1,0.9927316389512882,0.00726713234058289,1.954319486705774e-11,1.2286885825798456e-06
M0003,18,4,0.0017795318179385199,0.0037395847873409284,0.000400154962125244,0.9940807284325972
M0003,19,3,1.7525697023297714e-14,0.07468734888242046,0.9253126260488909,2.50686720977635e-08
M0003,20,3,0.0003342124180059904,0.01498480906127491,0.9846809785207195,2.810601615345879e-32
M0003,21,4,3.5321989867366354e-05,0.015299943867265263,0.00998093441405476,0.9746837997288099
M0003,22,3,2.2004242431452538e-14,0.018775397383624104,0.9812245819711667,2.0645190350605974e-08
M0003,23,3,0.00036822340079724683,0.04215873053664122,0.957473046062564,1.8312490620453656e-29
M0003,24,1,0.9347383488581138,0.06526165108866806,4.271935788736776e-17,5.3220426374698366e-11
M0003,25,3,9.701232163170192e-07,0.02211556444131995,0.7890619880098616,0.18882147742560174
M0003,26,3,1.1766011635701296e-09,0.04632953826182505,0.9518097703785613,0.0018606901830112983
M0004,2,3,4.9708886839661165e-17,0.4121072743336623,0.5878927256662992,3.67582278908108e-14
M0004,3,1,0.9387687178488946,0.061231279431151295,5.68247053744295e-16,2.7199546254406202e-09
M0004,4,3,3.562449409850683e-11,0.0008241236534678922,0.9991736232411257,2.2530697827110214e-06
M0004,5,4,0.004390919216837503,0.00025210005734866017,2.3163435209852475e-05,0.9953338172906049
M0004,6,4,3.9867683434911674e-05,0.008991783974653037,0.028645792503360096,0.962322555838553
M0004,7,4,0.0900924396635722,0.0020663042511313797,1.6430640293066835e-05,0.907824825445001
M0004,8,4,0.06598473941311062,0.0013974615443242831,8.685212410389949e-06,0.932609113830158
M0004,9,1,0.9988058903732909,0.0011391176102806154,3.3231870157085114e-05,2.1760146270987e-05
M0004,10,1,0.9966320688296635,1.2348928451958086e-05,4.879189978005697e-09,0.0033555773626918715
M0004,11,1,0.9999998917831393,9.654381890105587e-08,1.4219812779717558e-15,1.1673040525756231e-08
M0004,12,1,0.9903836688520945,0.008541122296427759,3.398246962126157e-09,0.0010752054532282564
M0004,13,2,1.9463151100886415e-35,0.9999995873357078,4.1266429143462276e-07,4.328270869087708e-39
M0004,14,1,0.8586968250461577,0.14064847743695852,0.0006546967701211363,7.467600654798133e-10
M0004,15,4,4.417208300786506e-05,0.015979013891329927,0.01951023848353431,0.9644665755421294
M0004,16,3,8.246481950738194e-15,0.038513003559610716,0.9614869797570796,1.6683299691382587e-08
M0004,17,3,2.119503643260736e-11,0.016783290382054183,0.983149878846969,6.683074978492239e-05
M0004,18,3,1.2506500767806395e-13,0.012030887200862801,0.9879689890077371,1.237912737803453e-07
M0004,19,3,5.156563864016541e-07,0.2176262964813544,0.41094418495447965,0.37142900290777653
M0004,20,2,9.816286998707376e-36,0.9999987892711257,1.2107288734419677e-06,1.4599853120662371e-40
M0004,21,4,0.0005102560594120979,0.014691866787791961,0.000936230274081204,0.9838616468787181
M0004,22,3,5.577428830209332e-13,0.031070673465695267,0.9689277818599106,1.5446738366874674e-06
M0004,23,4,0.016720017174067167,0.0002155911900823303,2.0500985236245026e-05,0.9830438906506164
M0004,24,1,0.999999566766364,4.3323363676121467e-07,9.314808183606492e-22,8.426224752430879e-16
M0004,25,3,2.1734465100743364e-09,0.016317148049986473,0.9821814528957289,0.0015013968808359802
M0004,26,4,0.21557315202218957,0.05953475986163346,2.367577368037207e-05,0.7248684123424961
M0005,2,1,0.951927342946434,0.019222597045835645,4.578596796306855e-07,0.02884960214805135
M0005,3,2,6.991161417821851e-10,0.9253672880102506,0.07463271129063297,4.6609093498260166e-61
M0005,4,1,0.9999540482140918,4.592976657895988e-05,4.031144384486009e-14,2.2019289650084638e-08
M0005,5,4,0.040355577648046544,1.571313216949031e-05,2.2566013497472824e-06,0.9596264526184337
M0005,6,1,0.9993532569840553,0.0006467410579910612,2.022380466845218e-15,1.957950903238813e-09
M0005,7,1,0.9865961616171324,0.013360194237371132,2.7315988863208924e-10,4.364387233677222e-05
M0005,8,4,1.4835162035283656e-05,0.00405014743015844,0.015253151265070155,0.9806818661427353
M0005,9,2,1.3134051392980374e-31,0.9999773017022088,2.2698297790777526e-05,3.0954180752529347e-31
M0005,10,1,0.9985688088930795,0.0014311911068710993,3.3877587396465175e-19,4.904393567361705e-14
M0005,11,2,3.321515556987156e-09,0.7725897730608065,0.22741022361767751,2.072272627055809e-53
M0005,12,1,0.9999514124104015,4.110933702693274e-05,5.108700712724261e-12,7.478247462763249e-06
M0005,13,1,0.9999799100349497,2.0089851544326318e-05,9.80054136525169e-17,1.1350658682960601e-10
M0005,14,3,4.2578407924993145e-08,0.023890411221244877,0.962092565945151,0.01401698025519616
M0005,15,4,0.0012139529563331174,4.498177764804917e-05,7.253490244883335e-05,0.9986685303635696
M0005,16,4,0.281091249218085,0.0003232926483126018,4.274893490447542e-06,0.7185811832401112
M0005,17,1,0.967525978400678,0.030786911530689572,1.8675415387466268e-09,0.0016871082010909175
M0005,18,4,3.549843963984488e-05,0.018171070922427326,0.08038921095048755,0.9014042196874447
M0005,19,4,1.3509757444978857e-05,0.04706015004142986,0.24070181845736668,0.712224521743759
M0005,20,4,7.159711410112697e-05,0.0008989754674955368,0.005103441300271199,0.9939259861181322
M0005,21,1,0.9976340344575694,0.0023659655424305205,1.421765165058893e-19,2.8125167454643963e-17
M0005,22,3,9.33897349901679e-19,0.15849854719564102,0.8415014528043385,2.062037170657898e-14
M0005,23,4,5.703378804420958e-05,0.004620520168348932,0.0034937873016692607,0.9918286587419375
M0005,24,3,1.4650142638235862e-07,0.07446924137543326,0.7466577860058624,0.17887282611727792
M0005,25,2,1.1496399811356758e-15,0.9720190766943391,0.027980923305660318,6.118783667457389e-85
M0005,26,2,4.7639578944021815e-12,0.9944955571711828,0.005504442824052592,1.6159795466792868e-62
M0006,2,3,5.538250451585567e-10,0.004672081746799053,0.9952418726827184,8.60450166572414e-05
M0006,3,1,0.9996448170749817,0.00035518292030187166,7.952744203048118e-17,4.7146206293584234e-12
M0006,4,4,9.377617926015099e-05,0.0061683294708079085,0.029058617363531936,0.9646792769863992
M0006,5,3,0.0013802088732784077,0.02691717641819984,0.9717026147085234,1.9826527235673506e-29
M0006,6,3,4.79081902385953e-11,0.024156638414929085,0.9758399041810979,3.457356066010021e-06
M0006,7,1,0.9999999522684331,1.6479975805430694e-08,1.395473345915447e-15,3.125158885010815e-08
M0006,8,4,5.953044579632747e-06,0.06039762367975304,0.24909502530959465,0.6905013979660729
M0006,9,1,0.8982716923569236,0.002409910471127151,1.542722918500061e-07,0.09931824289965571
M0006,10,1,0.998499577456805,0.0005817401610220752,1.3304935720644097e-08,0.0009186690772382495
M0006,11,1,0.9989971614952566,0.0010028383732731186,2.021814422763341e-15,1.3146677124406994e-10
M0006,12,1,0.9570698943919873,0.040162765044408924,0.0027673366930167256,3.8705878129545265e-09
M0006,13,3,2.8084339238496885e-11,0.060757523791201494,0.9389671670236108,0.0002753091571021012
M0006,14,2,0.11859334800737442,0.8814066519926247,3.66540652253085e-22,7.870045296055125e-25
M0006,15,2,5.1464929217114536e-26,0.8445527623876026,0.1554472376123978,5.148352423696972e-25
M0006,16,4,0.0003140527498458654,0.02564405349039204,0.0004027792518792835,0.9736391145078812
M0006,17,2,6.193128874548416e-43,0.999999999956465,4.353656843290029e-11,7.098589799408503e-52
M0006,18,4,3.27935672257563e-05,0.038024204143117114,0.025922359627467407,0.9360206426621903
M0006,19,2,3.8795086968592906e-19,0.6987147510638498,0.3012852489361334,1.5872041679931408e-14
M0006,20,2,5.392175016771581e-32,0.9999822428399036,1.7757160095085727e-05,7.915104256633372e-33
M0006,21,1,0.7762642674216298,0.1189860371103548,2.4005546014107855e-06,0.10474729491341435
M0006,22,3,2.0948811889667285e-11,0.03836991628019847,0.9616002606820905,2.9823016760999207e-05
M0006,23,2,5.356933232434813e-09,0.8357376105319603,0.16426238411110508,6.416414840208176e-49
M0006,24,3,5.624959569694196e-15,0.24850856685428038,0.7514912283014068,2.0484430759816242e-07
M0006,25,2,7.91215908094301e-10,0.8589199324789515,0.14108006672983264,4.013798722974e-53
M0006,26,3,3.692803413722327e-15,0.1389680400672777,0.8610319554987264,4.433993678788568e-09
M0007,2,2,0.025647445651800348,0.9743525543481979,1.422471547508516e-27,2.94315056595764e-23
M0007,3,2,1.1390438525795995e-21,0.9791299652511155,0.02087003474888581,1.4353524272411044e-19
M0007,4,1,0.9989014470913278,0.001098502769004735,1.2346501142187618e-12,5.013843168113265e-08
M0007,5,4,0.000298289967680141,8.038092937966649e-05,0.002315435341762323,0.9973058937611795
M0007,6,1,0.6345565561391455,0.0001901439478487804,1.1608850426068594e-06,0.36525213902796444
M0007,7,3,4.538610746581014e-05,0.059703810551098496,0.9402508033414344,7.368657149979051e-36
M0007,8,4,8.034751798641175e-06,0.003033649495929595,0.4816979942421876,0.5152603215100842
M0007,9,4,6.523003253786621e-05,0.00013193866779353885,4.1279755339012005e-16,0.9998028312996681
M0007,10,3,4.0503679678204636e-16,0.18431032940138015,0.8156896705767628,2.1856405464925854e-11
M0007,11,3,7.02453106571496e-05,0.0017098992371882915,0.9982198554521541,2.5496096243660284e-35
M0007,12,1,0.9936639513429891,0.006336048657009638,2.5695142752799656e-26,6.583696086556012e-25
M0007,13,3,1.9810510044148185e-12,0.03565387015469016,0.9643415830683787,4.5467749503348594e-06
M0007,14,1,0.9100476416702211,0.07480607638779875,8.15754463908989e-09,0.01514627378443383
M0007,15,4,0.10504533873223705,0.04360278792945668,1.2405438823417354e-06,0.8513506327944234
M0007,16,4,1.2915630763503312e-05,0.0005197228566626106,0.37940473593699436,0.6200626255755797
M0007,17,3,2.7694651467293862e-09,0.07459421433809142,0.916942848187765,0.008462934704679294
M0007,18,3,0.01266400637104296,0.01805037415259813,0.969285619476359,5.1990653664242845e-21
M0007,19,3,0.408324783194369,0.14100794668447061,0.4506672701209822,1.793307879343898e-13
M0007,20,4,0.04128950465869061,0.015676541061384733,1.947615496018097e-05,0.9430144781249643
M0007,21,1,0.9750433344248232,0.024956665575176003,4.0358732281746493e-22,2.1246965178497526e-19
M0007,22,4,0.0057456325342362955,0.006532290038259614,9.437378825914607e-05,0.9876277036392432
M0007,23,4,0.017306871435967156,0.137396379625415,0.0012944454722737333,0.844002303466345
M0007,24,2,1.3900665810458166e-23,0.9443571596436915,0.05564284035630858,2.474386850863694e-20
M0007,25,3,0.0003877214578362424,0.06823852580265084,0.9313737527395125,2.858702452371577e-29
M0007,26,3,9.999064140102105e-13,0.029948323516625634,0.9700493807649397,2.295717434412065e-06
M0008,2,3,3.5435215838248406e-17,0.3116986361233018,0.6883013638625513,1.4145294947239248e-11
M0008,3,2,1.8926389278285206e-05,0.9999810736107227,1.0995284011954542e-38,1.1913043402961896e-47
M0008,4,4,0.0003390680378617879,0.0009568463579007743,0.000967642592068825,0.9977364430121688
M0008,5,3,8.692991844135971e-19,0.18383663312693005,0.8161633668730536,1.691583997661835e-14
M0008,6,4,3.3744888777579895e-05,0.032754382768963336,0.011968130545109805,0.9552437417971475
M0008,7,3,6.117729641563806e-11,0.038448064843751954,0.9614740333482676,7.790174680178857e-05
M0008,8,4,0.004016546541578261,0.00014554099446321254,5.683397441911322e-05,0.9957810784895389
M0008,9,1,0.9095749751208849,0.09042502487911334,3.804811227851989e-25,5.455453378720104e-24
M0008,10,1,0.9885251257055946,0.011474874294404256,5.959717118298242e-29,1.1981328516508091e-28
M0008,11,1,0.96967430612282,0.0295279051969217,5.671298686237757e-06,0.0007921173815716305
M0008,12,1,0.992214763092106,0.007508934546666062,0.00027571638107996995,5.859801463546775e-07
M0008,13,1,0.9996280104274742,0.00037198957249631493,1.6991852783704413e-18,2.7719750670665827e-14
M0008,14,4,2.7042045664712937e-05,0.01545073774375647,0.010303720940904619,0.9742184992696749
M0008,15,1,0.9839320600560474,0.016067939943949183,1.0224339092333845e-17,1.8624228079506943e-15
M0008,16,2,6.818334802491293e-23,0.8155530740944469,0.18444692590555406,1.2141170903358183e-19
M0008,17,3,0.00023865879336803833,0.04897515164308411,0.9507861895635474,3.126444540170912e-29
M0008,18,4,5.3929731501209044e-05,0.0012679873658417028,0.0016265785912178846,0.9970515043114379
M0008,19,3,2.852429296969506e-09,0.0460371348102063,0.9479783906293151,0.00598447170805061
M0008,20,4,0.078586488255106,0.02358819950565436,7.701718658937589e-10,0.8978253114690687
M0008,21,3,0.00048210276526116237,0.041962794550322535,0.9575551026844176,2.5767759390650356e-28
M0008,22,4,0.00035250147282076373,0.004738169217268549,0.00037989459753603577,0.9945294347123754
M0008,23,1,0.99996949090136,2.2538541550438272e-05,1.7605900510117878e-12,7.97055533047448e-06
M0008,24,4,0.00010167331995990743,0.009486023852139107,0.0017574938985915295,0.9886548089293105
M0008,25,4,0.01239855287108894,0.03232134664106547,6.291269349648627e-05,0.9552171877943499
M0008,26,3,0.0018317634511942835,0.030842714857595946,0.9673255216912113,3.0375142392528096e-26
M0009,2,4,0.00019868741233856904,0.0006868470058616731,0.007613030139096411,0.9915014354427018
M0009,3,3,3.5854894134996687e-13,0.027548434077824202,0.9724515473130856,1.860873295349733e-08
M0009,4,1,0.9996216176076367,0.00037834022689509257,1.0724809159326897e-12,4.2164395252551995e-08
M0009,5,4,0.15214460343356506,0.003618011769600887,3.0763513451661056e-06,0.8442343084454906
M0009,6,4,0.0010683452099336244,0.012098307301512687,0.0011220718360786064,0.9857112756524751
M0009,7,4,0.3565081754539789,0.022806947270826727,3.5914236463823816e-06,0.6206812858515472
M0009,8,4,0.00017915244839414651,0.0008169686529432153,0.0033782937760413307,0.9956255851226221
M0009,9,1,0.9992941633145577,0.0007057638727262585,7.559161308267093e-13,7.281196168189513e-08
M0009,10,4,0.00011642223639072792,0.004733532328129293,0.006067472066897508,0.989082573368586
M0009,11,4,3.5872603804152535e-05,0.002334362985596544,0.007259641294130476,0.9903701231164719
M0009,12,4,0.00023909216299206732,0.03393579404094046,0.000673885868467926,0.9651512279275977
M0009,13,3,4.2940464566763324e-10,0.025058230688509316,0.9745653183540267,0.0003764505280581271
M0009,14,2,2.0060358103011635e-14,0.9992907084690591,0.0007092915309214199,1.1796697819463315e-72
M0009,15,3,0.0011764075308077744,0.044956351434093815,0.9538672410350953,3.232009187051908e-26
M0009,16,2,9.644264359498094e-25,0.9896461347498682,0.010353865250131005,5.788807927731188e-23
M0009,17,4,0.011051670556908522,0.01066205943154715,2.503419319331856e-05,0.9782612358183485
M0009,18,4,0.09886476884437209,0.008164876713430889,2.850959153931392e-05,0.8929418448506612
M0009,19,1,0.9987871504094512,0.001212849459666881,7.743441745315744e-17,1.3088523500646847e-10
M0009,20,3,4.3452672126132374e-10,0.031256051253002196,0.9682950719681985,0.0004488763442754458
M0009,21,4,0.011450023681648606,0.025375317001763063,0.00017255440063144542,0.963002104915958
M0009,22,1,0.993425810342329,0.005192159727796014,1.5843740101683793e-08,0.0013820140861372232
M0009,23,3,4.4360242937492785e-18,0.24235530112805523,0.7576446988717709,1.726360672681572e-13
M0009,24,1,0.9968680004558238,0.003105583728286702,8.512397042841416e-12,2.6415807378795104e-05
M0009,25,1,0.8747677988551495,0.12359839641584904,2.8457587967235607e-07,0.0016335201531218783
M0009,26,3,3.1748834794403586e-16,0.09870069533679279,0.9012993038955893,7.676193524043942e-10
M0010,2,1,0.7996827221695333,0.037948933496598974,5.609141783259752e-06,0.16236273519208497
M0010,3,4,3.189867489844238e-05,0.007167517606507874,3.378174462494314e-16,0.9928005837185929
M0010,4,4,3.953950188130357e-05,0.00438399165672896,0.004217272403924915,0.9913591964374646
M0010,5,4,0.2827343806188343,0.016725178847948045,2.573729076380694e-05,0.7005147032424551
M0010,6,3,0.027153177086873842,0.05690497104487468,0.9159418518682536,1.3951514348436377e-19
M0010,7,1,0.999245297183635,0.000736487387119213,1.4542424988383729e-05,3.67300425563632e-06
M0010,8,1,0.9999998625611065,1.3433213956741e-07,3.1262265072775505e-15,3.1067539308902893e-09
M0010,9,1,0.8397589276477034,0.0010981798933962503,1.4473577239412374e-07,0.15914274772313036
M0010,10,1,0.9389098852096929,0.06065148870509233,0.0004243265456759546,1.429953953785781e-05
M0010,11,2,4.886352019428822e-08,0.6173067566857753,0.3826931944507056,1.3017337159461747e-44
M0010,12,2,4.3097774347912206e-30,0.999837283398369,0.00016271660163222899,9.333233040466019e-30
M0010,13,4,0.16220459094059753,0.31576347269783533,1.7861435136428958e-05,0.5220140749264319
M0010,14,4,5.274797458546974e-06,0.03175940553245923,0.05310878171183329,0.9151265379582506
M0010,15,4,0.00011427591717779809,8.62604559508249e-05,1.9311740821794447e-16,0.9997994636268711
M0010,16,4,0.00030994474819769535,0.018695762178942053,0.000487782914447921,0.9805065101584108
M0010,17,2,1.1033010935839018e-32,0.9999958591810595,4.140818941331056e-06,4.4405056655704365e-34
M0010,18,2,9.033143617005265e-21,0.7985289910555081,0.2014710089444887,5.724410409537901e-15
M0010,19,1,0.9146496976936116,0.07379820713150229,2.9444957954166105e-07,0.011551800725308523
M0010,20,4,0.00020241985654975334,0.007785406457453478,0.003918138189072224,0.9880940354969272
M0010,21,4,2.5583694256474963e-05,0.024778430645082023,0.009584691592457692,0.9656112940682064
M0010,22,1,0.9451149157323372,0.051450794826285194,0.003434283133486635,6.3078923475344895e-09
M0010,23,2,5.051216897287012e-30,0.999938910340014,6.108965998291314e-05,4.2526707137779437e-29
M0010,24,4,2.53321718758096e-05,0.05619140344882332,0.003543866822908389,0.9402393975563892
M0010,25,1,0.9641007215420835,0.03589927845791499,1.1929530753104942e-17,4.063658768138332e-16
M0010,26,1,0.9543644750313116,0.04441039263201833,2.7348909358383617e-08,0.0012251049877628256
M0011,2,3,1.0069817824969387e-05,0.24692759509974446,0.412528604749547,0.34053373033288253
M0011,3,1,0.9493734461473484,0.025187452963046773,3.797833707777794e-09,0.02543909709177273
M0011,4,1,0.9625662574710265,2.1624188694888168e-06,4.983208348839596e-09,0.03743157512689475
M0011,5,4,0.0013216001012940838,1.654017734795469e-05,1.1777711930399945e-13,0.9986618597212373
M0011,6,1,0.9999741550732916,2.539975654542839e-05,3.8520322715040146e-13,4.451697786859979e-07
M0011,7,4,5.967735336782034e-05,0.006284832525737613,0.11715106427896052,0.8765044258419354
M0011,8,1,0.9749026618491321,0.02509574506522878,1.8461151209031266e-10,1.5929010265501453e-06
M0011,9,1,0.9996103213379081,0.00020227756082026772,8.824437557483635e-11,0.00018740101302929668
M0011,10,4,2.173807024755185e-06,0.10032887770918167,0.2847774385998412,0.6148915098839504
M0011,11,2,3.474803085067096e-27,0.9992041382898326,0.0007958617101687992,1.9675332832307394e-27
M0011,12,1,0.9659198963172938,0.034080103682705365,4.937470434505997e-23,3.81466676123746e-20
M0011,13,4,9.7470079929276e-05,0.008026480381847296,0.005269092210741322,0.9866069573274847
M0011,14,4,5.057957352171082e-05,0.018328843318610618,0.005247245232859957,0.9763733318750043
M0011,15,2,5.365790088324098e-32,0.9999853497099058,1.4650290093300054e-05,5.439723097525308e-34
M0011,16,3,2.9703717299303794e-11,0.05589292685386154,0.9440877812847243,1.9291831711530517e-05
M0011,17,3,2.1429963278769236e-12,0.06413832873483995,0.9358588313576514,2.839905363972557e-06
M0011,18,4,0.00029398004580981807,0.009126271456700953,0.0009309442075503914,0.9896488042899404
M0011,19,4,0.01708438664612872,0.001472806318984192,6.723574314055497e-05,0.9813755712917442
M0011,20,3,0.00013728274877299653,0.03702454236447659,0.9628381748867495,2.669681567294839e-36
M0011,21,3,1.0558086365176918e-11,0.008346109882437383,0.9916497010286134,4.189078393303468e-06
M0011,22,1,0.9878226188441616,0.01166487509421744,0.0005124903008330943,1.5760784552105457e-08
M0011,23,3,5.062037240311417e-11,0.003584355230314102,0.9964101075844706,5.537134594605228e-06
M0011,24,1,0.9937028538572251,0.004938101865051348,2.118053417193387e-09,0.0013590421596706731
M0011,25,3,9.737870290591919e-13,0.027255484555679298,0.9727441865881984,3.288551471379713e-07
M0011,26,1,0.916126019437291,0.046644019529029516,1.76091601288979e-07,0.037229784942079944
M0012,2,3,6.582744543990355e-11,0.050063676997939593,0.9499323394215378,3.983514694546578e-06
M0012,3,3,8.270387179938583e-16,0.06619217158515922,0.9338078284106175,4.223222614382453e-12
M0012,4,1,0.966354996750279,0.025829867533164446,2.902430398063277e-07,0.007814845473520009
M0012,5,3,4.841951113151745e-09,0.012269024685736641,0.9872016148535122,0.000529355618803448
M0012,6,3,0.07832070976667531,0.010549803208887529,0.9111294870244349,2.2680531651584617e-22
M0012,7,4,0.005748633636870531,0.00227705077865807,2.697265307663554e-05,0.9919473429313914
M0012,8,3,2.7045101380061196e-09,0.0013502115922258895,0.9984170962226685,0.0002326894805932853
M0012,9,3,0.007778222730508516,0.027865759554572996,0.964356017714922,1.8216730481224554e-25
M0012,10,1,0.9999994437423949,5.562551782838115e-07,3.220118557774917e-19,2.430020665395288e-12
M0012,11,1,0.9999897391850594,1.0260053446842163e-05,2.385438583266482e-15,7.614915657594287e-10
M0012,12,3,4.307443470733988e-14,0.0472801439687118,0.9527198509719516,5.059296831460348e-09
M0012,13,4,1.7677425985906875e-06,2.970140784342597e-05,2.0774199378234393e-20,0.9999685308495583
M0012,14,2,1.5972437798857508e-27,0.9992596663805071,0.0007403336194929243,6.691639309624779e-27
M0012,15,4,4.893341790565928e-05,0.017807425667233815,0.0521756121548584,0.9299680287600043
M0012,16,1,0.9919018999179253,0.0002789002754428472,0.00781919978261387,2.401670810902447e-11
M0012,17,1,0.9865632338408131,0.008089280624609988,0.00534748534588908,1.8868757479744484e-10
M0012,18,3,3.0367506973380967e-08,0.04174501635138488,0.930847917341895,0.027407035939211864
M0012,19,4,0.012500329756617174,3.929427117841208e-05,3.156318266455394e-05,0.9874288127895384
M0012,20,2,2.345861103734436e-11,0.9478211236235983,0.052178876352946234,1.9000609951343807e-64
M0012,21,1,0.9924454504142693,0.0013619935711711465,3.749893678080749e-09,0.0061925522646664715
M0012,22,4,5.627865569669469e-05,0.030211629960702098,0.005662674445476342,0.9640694169381273
M0012,23,2,1.4635140195867885e-10,0.9043216686302983,0.09567833122335166,4.323604065506102e-58
M0012,24,4,0.053622902796068836,0.020436126842459438,3.2398270379480527e-06,0.9259377305344308
M0012,25,3,2.641282912438606e-17,0.22412451926483068,0.7758754807197258,1.5443828005619555e-11
M0012,26,4,6.133610051390285e-05,0.010170562088812443,0.0018420014461850388,0.9879261003644895
M0013,2,4,1.426974840496864e-05,0.06685486252937882,0.0596824359162992,0.8734484318059196
M0013,3,1,0.9998904490375514,0.00010953961398311325,6.790183143336808e-14,1.1348399514814512e-08
M0013,4,4,7.065289462344578e-06,0.025519763717341454,0.05096371619462895,0.9235094547985652
M0013,5,3,4.0987851843824785e-20,0.4087902505550028,0.5912097494449916,7.173556754568788e-15
M0013,6,3,1.1708286307280645e-13,0.0750583127649171,0.924940426825954,1.2604090090055985e-06
M0013,7,4,0.06677383087709476,0.07707750131524012,4.8906715187199206e-05,0.856099761092476
M0013,8,4,0.09209255023888828,2.097785161045774e-06,3.752744610790366e-06,0.9079015992313412
M0013,9,4,0.00021987292258906965,0.010975892703182699,0.003998983941183074,0.9848052504330467
M0013,10,4,0.07379588529713649,0.00028291734243174804,1.1747449475632247e-05,0.9259094499109564
M0013,11,3,3.200406407299324e-13,0.027122442782793483,0.9728773569906142,2.0022627494012427e-07
M0013,12,1,0.9999994429593843,2.8762761680197505e-07,4.0792289748325725e-13,2.6941258856854995e-07
M0013,13,4,0.008689353013351005,0.009287812645896341,0.00018239124270900977,0.9818404430980414
M0013,14,2,1.0932473745891046e-25,0.9986335875484423,0.001366412451559791,5.858449742808888e-26
M0013,15,3,1.5829833216202035e-12,0.05027859231613813,0.9497195298786365,1.8778036389205341e-06
M0013,16,3,1.6734969066210275e-07,0.14854519114600429,0.7973273833044489,0.05412725819985345
M0013,17,3,5.775813108144291e-17,0.06120348622469241,0.9387965137349656,4.034018599702819e-11
M0013,18,1,0.9999444581488346,2.096572980696038e-05,5.6916232612794357e-11,3.457606444053939e-05
M0013,19,1,0.992361259368191,0.0076387328440136815,2.398062078302974e-13,7.787558752649859e-09
M0013,20,3,3.571505366168656e-09,0.026630980354194218,0.968001214805825,0.005367801268476699
M0013,21,1,0.995628196714622,0.0043693874709477,1.5530739564926252e-10,2.415659122351129e-06
M0013,22,1,0.9588684268554314,0.024077745521278216,2.311580184839506e-06,0.017051516043107954
M0013,23,1,0.9728677954302353,0.02155865142399798,0.005573551720418843,1.4253452294257184e-09
M0013,24,1,0.8798596326942479,0.08435087082828104,8.65941447587219e-09,0.03578948781805862
M0013,25,3,1.7739073063773045e-07,0.06559441967834889,0.6650397872669205,0.2693656156640021
M0013,26,3,1.4442496832276487e-12,0.024919363780740285,0.9750761793347847,4.456883027649343e-06
M0014,2,3,6.07889282579506e-17,0.11245336521817625,0.8875466347813668,4.559306057796044e-13
M0014,3,4,0.02800339183133613,0.010045525468858535,2.1289673203850232e-05,0.9619297930266029
M0014,4,3,4.060982060838339e-06,0.04629733861014989,0.527317787223274,0.42638081318451765
M0014,5,4,0.001152630452237004,0.0007460852605437113,0.0002666190670441803,0.997834665220178
M0014,6,3,1.0991686629985955e-11,0.004099977104598459,0.9958991781941178,8.446902948221465e-07
M0014,7,1,0.955753971790839,0.043900828871224214,0.0003451987516534241,5.862802133573848e-10
M0014,8,4,3.012819710206236e-05,0.01381570291672444,0.019816054437363003,0.9663381144488128
M0014,9,4,0.0011311373124816195,2.3807470888034726e-05,0.00032796868156784035,0.9985170865350618
M0014,10,3,8.422142353486604e-07,0.03301829104277617,0.7258595268926347,0.24112133985035453
M0014,11,3,2.017524810940245e-06,0.0025324631599489963,0.7795362335026248,0.21792928581261473
M0014,12,4,0.07224553694865644,0.000848650824013635,4.119617394502042e-06,0.9269016926099355
M0014,13,4,0.12162075888336703,0.01256881243188554,5.27498864078906e-05,0.8657576787983384
M0014,14,4,0.0016836448014702276,8.761466190463632e-05,8.121679128065481e-05,0.9981475237453418
M0014,15,4,8.741108365584003e-06,3.750338981747587e-05,1.915417026755675e-18,0.9999537555018134
M0014,16,3,7.209236800750664e-07,0.006706186538078487,0.8370290095492824,0.15626408298896133
M0014,17,3,2.463661416131131e-07,0.26253696299010787,0.7374627906437541,3.522760861328367e-42
M0014,18,3,2.9689888582517405e-11,0.007130013746907247,0.9928301587942021,3.982742919852672e-05
M0014,19,4,1.0515379944643005e-05,0.04546348769777911,0.21342678532246173,0.7410992115998116
M0014,20,3,3.601910516609322e-08,0.05205232383408688,0.9163191062196772,0.031628533927133516
M0014,21,1,0.9995503963983847,0.00044900945782690377,1.1367188484484315e-12,5.941426487452275e-07
M0014,22,1,0.9934162991940865,0.006433392546828767,0.0001503075945336109,6.645511073132449e-10
M0014,23,1,0.9991583465308407,0.0006553591357874326,2.999002704554362e-10,0.00018629403347054533
M0014,24,3,4.32653773441179e-07,0.013092593106983078,0.8239218629410463,0.16298511129819762
M0014,25,1,0.8671904354497331,0.029371156560883207,0.10343840798934399,3.641070319648119e-14
M0014,26,1,0.99803407878233,0.0019659211087306363,6.705749776238078e-15,1.0893368012845583e-10
M0015,2,4,0.0010650357480208772,4.371609271447642e-05,5.621523358308881e-14,0.9988912481592084
M0015,3,1,0.9980655536296814,0.0019126373752724201,2.200146143281183e-10,2.1808775031666803e-05
M0015,4,4,2.6305500589852287e-06,1.1371938626072545e-05,7.982929672971988e-20,0.9999859975113154
M0015,5,3,5.741006159209167e-08,0.024826795582566192,0.967964521644287,0.007208625363086641
M0015,6,4,0.007635175009047557,7.191005733887018e-05,5.14307865950897e-05,0.9922414841470185
M0015,7,4,5.7223799578026135e-05,0.00038271172381412,0.02143665054045614,0.9781234139361533
M0015,8,1,0.7622105110332515,0.1191893379824506,0.11860015098400824,2.9043160800302485e-13
M0015,9,3,1.6379187685199366e-07,0.030630636462931102,0.9471434952222151,0.02222570452297871
M0015,10,3,1.5937031399038723e-14,0.011655145942920804,0.988344853815085,2.4197662952078864e-10
M0015,11,4,0.01964480525312285,0.02177859922017943,8.524103115132722e-05,0.9584913544955452
M0015,12,4,0.0020294699511015364,0.0014923871597334085,0.0004135408599434636,0.9960646020292223
M0015,13,1,0.9374374664649306,3.309898679085588e-05,5.496832609444209e-08,0.06252937957995328
M0015,14,1,0.8303859584180938,0.012248765904600906,4.794147495583555e-07,0.1573647962625557
M0015,15,2,4.611381612787314e-52,1.0,9.849564218475958e-18,4.721564598647711e-71
M0015,16,4,0.0502916807159909,0.010465176137098934,3.6876444856857755e-05,0.9392062667020523
M0015,17,1,0.8941057568840091,0.08173451345956168,4.4341316647803503e-07,0.024159286243261767
M0015,18,1,0.9857112402693479,0.014124144057881313,0.00016410342907714038,5.122436934377287e-07
M0015,19,1,0.9630853581142198,0.03691464147871936,2.681609105057945e-13,4.0679202558076503e-10
M0015,20,3,4.721010521038689e-14,0.08002222707610956,0.9199776988951561,7.402868579670567e-08
M0015,21,2,5.12360257818823e-12,0.9999990349597285,1.5911434653120466e-34,9.650351469366074e-07
M0015,22,3,1.417660657154608e-14,0.07312716547518361,0.9268727769406857,5.758411802475148e-08
M0015,23,4,0.0003682580537570118,0.006295541432335211,5.867489984254014e-15,0.9933362005139021
M0015,24,1,0.5842149190836214,0.05812490851862362,1.182751246382184e-05,0.35764834488529057
M0015,25,3,1.45187795504267e-09,0.0007782456101580282,0.9958036293488784,0.0034181235890842323
M0015,26,3,1.6488358138042543e-10,0.032043689276458905,0.9677702837409604,0.00018602681769789304
M0016,2,1,0.9983734798789092,0.001465523920563141,2.309518529323297e-10,0.00016099596957699648
M0016,3,3,0.02954282425877097,0.12048844320054569,0.8499687325406835,7.621680020377545e-19
M0016,4,2,2.405500727235098e-39,0.9999999990613766,9.386238711199172e-10,1.512005713989878e-45
M0016,5,3,2.1754210360824852e-13,0.17174572014332712,0.828254161454599,1.1840185746609367e-07
M0016,6,4,0.00022910027211210486,0.007083208664008118,0.0005793036304220496,0.9921083874334585
M0016,7,1,0.9669715262115702,0.033028473788429435,6.145699920696143e-17,1.6952867394834314e-15
M0016,8,3,1.4212479688328308e-10,0.0017543321710666601,0.9982363362524413,9.331434365804678e-06
M0016,9,3,2.7871091074621795e-11,0.02060719949803902,0.9793569348120825,3.586566200821473e-05
M0016,10,1,0.7506545328497902,0.012686461336866005,1.5789021302922987e-06,0.23665742691121294
M0016,11,4,0.0004952876460435903,0.002036846091813554,0.0007027090304066549,0.9967651572317348
M0016,12,4,0.0366010910510992,0.0562947759906641,0.00016962647154774164,0.90693450648669
M0016,13,1,0.981415809846713,0.018584174253698713,9.088757698960561e-13,1.5898679658538837e-08
M0016,14,1,0.9779511580200783,0.020293053979691583,8.625835392835237e-09,0.0017557793743953358
M0016,15,2,1.8194347506616427e-28,0.9996622122750535,0.0003377877249449866,3.1913225722567006e-26
M0016,16,4,5.554128726898534e-05,0.033961320111725826,0.0018219313165065399,0.964161207284498
M0016,17,3,0.020240565255983167,0.06541563119095428,0.9143438035530612,1.9398097198568276e-19
M0016,18,2,5.463540203686636e-31,0.9999871209410761,1.2879058924366208e-05,4.939779061680508e-30
M0016,19,4,1.0948442817934289e-05,0.022164276150556092,0.031918984566618076,0.9459057908400071
M0016,20,4,0.00039955622746667334,0.025085838222605645,0.0007598314695468656,0.9737547740803822
M0016,21,2,1.4159537788834123e-36,0.9999998935579327,1.0644206854301874e-07,4.141585574275404e-39
M0016,22,4,4.7320179520166535e-05,0.0743890041397697,0.0051379628151089155,0.9204257128656012
M0016,23,2,4.1930270075756604e-24,0.9768072039474707,0.023192796052530884,8.5915791982381e-21
M0016,24,1,0.9323140466918983,0.06768595330741058,1.56520338563628e-15,6.907916134216418e-13
M0016,25,2,3.354345499067068e-27,0.9992688717978492,0.0007311282021504068,1.6889467220951748e-25
M0016,26,2,0.0002679476229681092,0.9997320523770306,6.47562723955205e-36,3.247684674428652e-46
M0017,2,2,0.006496203446026231,0.9935037965539725,4.9450549334097386e-33,1.649459361550959e-36
M0017,3,3,4.582007675971371e-08,0.12355265954359997,0.8479635118493867,0.028483782786934954
M0017,4,4,0.00011091264136517723,0.036387557281886446,0.0011516353207426087,0.9623498947560057
M0017,5,3,1.731937670359137e-14,0.029254593069620402,0.9707454065043642,4.259983076518813e-10
M0017,6,3,1.4451017942968828e-10,0.027005171117598356,0.9729623229818013,3.2505756089205433e-05
M0017,7,4,0.0009138275011568716,0.0057233296866736234,0.0008219130046401477,0.9925409298075306
M0017,8,1,0.996846778660011,0.0031532213399890576,1.0649316863419154e-23,8.999080080021497e-23
M0017,9,1,0.9048839952226323,0.06720913001409808,3.250267697252887e-07,0.02790654973650115
M0017,10,3,1.585676306047368e-07,0.07746672337931335,0.7990405878947872,0.12349253015826872
M0017,11,1,0.9851689473823635,0.014830491294698864,1.5531648272918759e-10,5.611676225289859e-07
M0017,12,3,1.8163467108650085e-07,0.005209102172632711,0.88108535682962,0.11370535936307767
M0017,13,1,0.9969135607487978,0.0030864379633949936,1.8028258589947957e-15,1.287803951513813e-09
M0017,14,3,9.040488992483927e-09,0.0019122134708637949,0.9918249636736,0.006262813815045964
M0017,15,1,0.9809659427544585,0.018595900177473087,0.0004381522889450409,4.7791222494282795e-09
M0017,16,3,1.4625572420055802e-08,0.029427169444054005,0.969000852053117,0.0015719638772550319
M0017,17,1,0.9940199000753432,0.005290905877021827,0.0006891888007108953,5.246925049107974e-09
M0017,18,2,4.598336720646921e-20,0.6479780777345627,0.3520219222654363,5.501859470610643e-16
M0017,19,3,2.101299712503361e-13,0.09124331555711478,0.9087562291251047,4.553175695969857e-07
M0017,20,1,0.5874690985901908,0.4125309014098099,3.910939247736822e-23,1.3042683046795574e-19
M0017,21,4,2.5485332491886555e-06,0.03294352022612968,0.11583124304750747,0.8512226881931145
M0017,22,2,1.1738039069076239e-12,0.9931081328190406,0.006891867179785818,2.1752988924544528e-66
M0017,23,3,1.6112652020669466e-11,0.025139393347924224,0.9748545796515339,6.026984428763429e-06
M0017,24,3,4.2908266552610926e-16,0.1626004371366619,0.8373995628144962,4.8841135349715354e-11
